+000016
+000009
+000011
+000013
+000011
+000003
+000008
+000009
+000014
+000016
-000005
-000015
+000005
-000007
-000005
-000018
-000009
+000002
+000001
+000018
+000015
+000006
+000019
-000009
+000001
+000015
-000010
-000003
-000018
+000007
-000001
+000007
+000006
+000013
+000010
+000010
+000009
+000018
+000002
+000015
-000019
+000013
+000008
-000018
+000006
-000012
+000010
+000005
-000006
+000014
+000008
+000002
+000002
+000012
-000002
+000005
-000011
-000002
+000007
+000007
-000019
-000006
-000001
-000012
+000016
-000002
+000013
+000017
+000015
-000009
+000003
+000016
+000013
+000014
+000017
-000010
+000001
+000003
+000010
-000018
-000001
-000015
+000005
-000016
-000007
-000009
+000018
+000017
+000003
+000008
+000007
-000003
-000011
-000019
-000008
-000010
-000011
-000005
-000001
+000019
-000008
-000009
+000011
+000016
+000011
+000003
+000017
+000014
+000009
+000015
+000007
-000015
+000016
+000006
-000002
+000013
+000005
+000016
-000006
-000003
+000007
+000010
-000004
-000018
+000016
-000006
-000001
-000018
-000003
+000013
-000018
-000010
+000019
-000013
+000020
-000010
-000017
-000010
-000001
+000010
-000008
-000015
+000004
+000018
-000016
-000013
-000015
-000008
+000004
-000006
-000014
+000004
-000022
-000009
-000006
+000009
-000004
-000016
+000019
-000025
+000012
-000010
-000021
-000003
-000006
-000004
+000016
-000021
-000017
+000013
-000010
-000008
+000006
-000019
+000015
+000017
-000005
+000003
-000008
-000012
-000011
-000014
+000016
-000006
-000011
+000008
+000019
-000009
+000007
-000021
-000022
+000004
-000010
-000002
-000011
-000010
-000002
+000019
+000018
+000010
+000005
+000003
+000007
+000001
+000010
+000004
-000006
+000023
-000005
+000004
+000010
-000012
+000021
+000007
-000020
+000003
+000029
-000011
-000022
-000016
-000001
-000009
-000004
+000022
-000029
-000005
-000002
-000024
-000009
-000013
-000010
-000016
-000015
-000018
+000013
-000002
-000012
-000003
-000016
-000009
-000006
-000003
-000007
-000018
-000016
-000012
-000009
-000019
-000005
-000011
+000001
-000005
-000004
-000011
-000007
+000015
+000005
-000003
+000002
+000016
-000006
+000015
-000006
+000009
-000013
+000021
-000005
-000004
+000018
+000013
-000006
-000003
+000008
+000002
+000012
+000002
+000017
-000004
-000016
+000015
-000008
+000001
-000011
+000002
-000015
+000021
+000001
+000005
-000016
-000004
+000022
+000017
+000017
+000007
+000006
-000016
+000005
-000010
+000017
+000006
-000014
+000007
+000012
+000003
-000011
+000006
+000004
+000019
+000010
-000012
-000010
+000001
-000016
+000019
+000004
+000011
+000013
-000014
-000002
-000013
+000008
-000013
-000011
-000018
-000005
-000015
-000007
+000010
+000014
-000001
-000012
+000009
+000012
-000018
+000014
-000027
+000017
-000005
+000002
+000033
-000002
+000025
+000014
-000006
-000001
+000015
+000001
-000008
-000013
+000009
+000007
-000026
-000006
+000026
+000008
+000010
-000005
+000018
-000005
+000014
-000011
+000006
+000028
-000040
-000006
+000008
+000012
-000005
-000023
-000008
-000003
-000021
-000043
-000009
-000005
-000009
-000016
-000016
-000013
-000003
-000004
+000013
+000012
+000001
+000016
+000021
-000001
-000008
-000024
+000014
-000021
-000006
-000007
-000019
+000003
-000004
-000014
+000008
+000008
+000010
+000007
-000010
-000012
-000013
-000013
+000011
-000013
-000010
-000007
-000009
-000018
+000013
-000004
-000020
-000007
-000004
+000009
+000001
+000013
-000011
-000010
-000010
+000004
-000006
-000005
-000019
-000014
+000001
+000001
+000010
+000010
-000014
-000011
-000013
-000011
-000012
-000011
-000007
-000013
+000022
+000031
+000006
-000001
+000042
+000021
+000011
+000005
+000010
+000001
+000002
+000020
+000010
-000014
-000001
-000008
+000002
+000019
+000026
-000014
-000002
-000001
+000002
-000020
+000013
+000025
-000015
+000014
+000033
-000003
+000007
+000020
+000012
+000014
-000007
+000036
-000002
+000007
+000071
+000030
-000016
-000004
+000069
-000015
-000032
+000203
-000007
-000006
-000004
-000005
-000020
-000028
-000021
-000021
+000018
+000183
+000022
+000011
+000016
+000002
-000031
-000028
+000021
-000061
-000104
+000007
+000050
-000058
+000178
-000089
+068771
-000013
-000018
+000006
-000004
-000009
+000017
+000013
-000007
+000001
+000019
+000019
+000012
+000001
+000012
+000018
-000006
-000007
+000018
-000019
+000013
+000010
+000006
+000009
+000003
-000019
-000016
-000014
+000019
+000014
-000015
-000008
-000009
-000012
+000014
+000020
-000003
-000014
-000016
-000013
-000002
-000010
-000012
+000011
+000010
+000011
+000001
+000013
-000001
-000001
+000005
-000019
-000014
+000003
-000009
-000017
+000004
+000018
-000007
-000003
+000013
+000007
+000002
+000008
-000022
+000021
+000008
-000001
-000013
+000024
+000019
+000016
+000001
-000013
+000015
+000008
+000017
+000005
+000002
+000016
+000007
-000011
+000014
-000018
-000001
-000016
-000008
+000004
-000012
+000013
+000013
-000015
-000016
-000013
+000003
+000009
-000005
-000014
+000004
+000013
+000017
+000008
-000002
-000012
+000007
+000019
-000015
+000013
-000005
+000006
+000010
+000008
-000006
-000021
+000015
+000018
+000019
-000005
-000001
+000003
+000015
-000008
+000013
+000005
-000001
+000008
+000012
-000014
-000017
-000011
+000019
-000004
-000023
-000018
+000005
-000002
+000007
+000015
-000019
+000014
-000003
-000002
-000014
+000018
+000009
-000005
-000012
+000019
+000002
+000020
+000010
-000001
-000015
-000008
+000015
+000011
+000007
-000016
+000010
+000012
+000004
-000015
+000012
+000009
+000004
+000014
-000004
-000003
-000005
+000004
-000014
-000001
-000013
+000007
-000019
+000003
+000020
+000006
-000001
+000018
+000013
-000016
-000008
+000015
+000018
-000007
-000004
-000019
+000014
-000003
+000005
+000011
+000020
-000004
+000010
-000011
+000013
+000004
-000002
-000018
+000006
+000019
-000013
+000015
+000011
+000001
+000001
+000013
+000019
+000014
-000008
-000004
+000017
-000012
+000008
+000007
+000009
+000002
-000016
-000005
+000013
+000010
-000008
-000016
+000012
-000020
-000015
+000008
+000014
+000010
-000016
-000010
-000020
-000009
-000011
+000008
+000008
+000013
-000006
+000003
+000002
+000011
-000018
+000009
+000007
-000002
+000001
+000018
-000009
+000019
+000010
-000015
+000003
+000014
+000019
-000008
+000003
+000017
-000007
-000011
+000007
+000003
-000019
+000017
+000019
+000009
+000010
+000008
-000014
-000006
-000018
+000010
+000015
-000010
-000001
-000013
-000004
+000020
-000014
+000018
+000018
+000001
+000001
+000011
+000014
+000018
+000004
-000018
+000013
+000003
+000013
+000009
-000006
+000008
-000007
-000009
+000002
-000024
-000003
+000009
+000009
-000014
-000008
-000007
-000001
-000003
-000007
-000019
-000002
-000019
+000005
-000006
-000010
+000008
-000016
-000023
+000014
+000030
+000007
+000020
+000017
-000003
+000010
-000009
+000012
+000019
-000018
-000003
+000019
-000009
-000015
+000006
-000007
+000021
-000009
-000008
-000011
-000013
-000004
+000018
-000006
-000001
-000013
+000017
-000002
-000007
+000008
-000018
-000019
+000024
-000013
+000004
-000036
-000017
+000007
-000004
-000006
-000021
+000004
-000017
+000006
-000026
+000013
-000007
-000017
+000010
-000007
+000012
-000018
-000017
-000003
+000012
-000015
-000012
+000003
-000012
+000019
-000020
+000005
+000004
+000008
-000015
+000014
-000020
+000018
+000018
+000015
-000008
-000001
-000012
+000017
+000017
+000013
+000015
+000020
+000021
+000016
-000021
+000011
-000008
+000024
-000007
-000005
-000007
+000036
+000012
-000001
-000020
+000066
-000005
+000016
+000005
+000005
-000011
+000024
+000014
-000009
-000013
+000039
-000011
-000026
+000014
+000014
-000011
+000044
-000004
-000002
+000015
+000012
-000004
+000002
+000021
+000017
-000022
+000002
+000017
+000015
+000007
+000017
+000013
+000007
+000014
+000009
-000012
-000007
+000023
+000007
+000004
-000016
-000023
+000016
+000021
+000003
+000013
-000004
+000006
+000018
-000019
+000005
+000010
-000025
+000023
+000011
+000014
-000001
-000014
+000019
+000022
+000002
+000008
+000022
+000018
-000038
+000004
-000020
-000026
+000020
-000013
-000020
-000011
-000003
-000023
-000031
-000008
-000001
+000010
-000031
-000003
-000022
-000011
+000019
+000018
+000001
-000023
-000005
-000033
+000008
-000007
-000033
-000003
+000044
-000060
+000011
+000085
+000177
+000018
-000126
+000050
+000128
-000044
+068095
-000007
-000006
-000017
-000018
-137490
